700
670
666
715
725
673
732
725
660
673
503
523
519
512
506
509
507
510
501
510
713
577
578
649
653
688
691
618
588
612
710
786
745
693
684
687
751
705
713
706
639
662
700
645
771
660
629
768
785
696
972
991
965
959
937
996
967
978
938
986
819
844
770
813
785
797
813
807
807
760
932
925
944
901
929
925
912
911
941
931
534
569
558
505
590
574
528
610
600
573
697
745
754
691
730
675
719
733
721
695
564
501
506
509
607
503
559
514
545
533
632
626
509
516
534
590
615
530
507
580
690
590
584
589
631
700
595
676
587
610
774
833
840
782
772
886
784
758
773
774
667
565
576
595
599
543
563
617
615
557
618
554
592
559
532
610
552
574
570
639
994
919
907
947
831
971
916
940
861
952
792
782
774
844
823
778
798
777
814
778
591
655
736
724
719
678
587
647
694
720
801
801
768
778
793
855
828
798
812
802
519
542
586
598
584
536
680
570
555
517
975
951
990
956
978
990
966
982
957
952
913
906
866
861
903
868
912
863
865
919
520
510
503
509
556
506
526
516
533
528
836
831
855
865
885
846
925
863
914
812
727
783
691
767
691
767
699
746
712
748
502
595
598
582
668
535
569
543
518
555
999
994
1000
995
999
1000
992
994
997
994
999
999
997
998
1000
999
998
1000
1000
1000
656
665
635
708
624
699
748
678
673
717
