18
15
16
11
13
10
10
13
8
10
8
9
10
9
7
10
14
11
13
13
12
14
14
12
15
13
14
11
12
12
16
15
13
18
16
17
15
11
10
12
11
10
11
16
13
14
15
12
12
10
6
7
9
8
11
13
12
10
9
11
10
12
13
13
14
13
14
17
15
18
13
14
14
15
13
11
15
13
13
14
11
9
9
7
8
8
9
10
12
14
13
12
14
13
13
14
8
10
14
12
13
9
11
15
9
8
11
7
9
10
10
8
11
16
13
12
15
10
7
8
13
10
14
12
14
14
11
11
16
15
11
12
14
19
18
10
11
14
13
12
14
12
13
13
8
9
9
8
11
10
12
11
14
12
17
13
12
16
12
12
11
12
15
16
14
14
12
13
15
10
9
17
12
18
13
11
9
7
11
10
8
12
11
10
9
16
11
12
15
15
17
10
8
13
12
14
14
11
9
10
14
15
25
24
27
22
16
19
35
31
25
38
24
29
35
31
28
36
40
27
36
35
40
30
36
27
28
35
31
33
28
35
35
21
24
41
34
39
25
30
25
24
28
22
26
27
21
20
26
16
15
29
29
22
24
17
30
24
31
25
29
35
33
23
26
27
19
31
22
17
29
29
28
25
23
37
20
28
18
22
30
24
25
29
17
16
28
15
15
35
18
26
22
17
26
21
25
47
43
30
22
49
48
29
18
23
21
22
28
30
23
23
20
23
22
18
13
35
18
31
22
22
14
15
13
16
12
18
15
39
23
32
22
16
26
20
19
29
33
30
23
22
20
21
14
16
24
21
18
17
33
20
26
32
27
29
27
28
29
27
27
36
30
27
35
15
25
17
21
28
27
28
17
30
19
35
20
21
19
33
29
28
34
22
11
17
15
20
14
14
11
12
24
26
43
40
22
36
31
27
49
44
46
49
50
55
64
45
85
80
86
88
89
87
83
81
87
84
92
80
92
87
82
93
81
79
84
87
80
84
83
82
88
87
92
93
86
89
91
86
52
38
41
51
50
51
42
50
44
45
56
40
58
39
54
50
70
59
62
68
56
70
55
64
52
50
47
56
46
43
48
39
64
48
66
71
74
67
61
50
59
38
48
47
39
37
42
47
56
49
52
49
50
50
46
50
57
49
35
51
37
38
52
48
64
85
63
63
70
75
62
82
62
74
65
76
60
69
58
62
47
52
44
36
55
56
43
46
63
63
68
62
67
73
63
71
76
76
83
77
83
94
74
71
50
48
35
47
54
45
38
36
70
72
82
76
56
61
79
65
63
71
49
61
50
58
54
53
60
54
56
56
78
61
55
60
75
77
76
68
77
72
82
81
81
76
72
75
71
76
84
74
61
73
46
69
64
60
52
43
207
222
191
146
147
211
149
143
183
226
247
181
299
217
194
278
237
301
242
195
196
191
209
232
255
312
272
311
262
360
253
318
241
214
292
264
219
365
258
369
188
235
335
200
170
245
237
322
183
172
202
198
259
210
178
264
227
250
230
227
255
239
261
249
194
206
289
216
189
293
304
310
373
199
240
263
250
318
253
339
227
235
219
209
226
224
218
237
200
250
183
211
184
211
205
225
146
134
167
113
153
109
153
163
187
170
169
173
194
166
212
202
183
205
187
224
172
220
190
236
267
267
272
357
282
331
288
298
181
206
264
193
205
290
199
220
198
234
211
217
203
204
205
216
241
262
237
252
278
252
286
264
184
173
216
219
205
235
187
189
268
352
269
335
274
349
362
281
207
257
293
235
264
213
305
209
180
84
148
247
157
214
179
162
289
306
275
314
286
313
289
264
224
208
200
198
209
211
196
221
