11
11
11
11
11
11
11
11
15
15
15
15
15
15
15
15
13
13
13
13
13
13
13
13
12
12
12
12
12
12
12
12
11
11
11
11
11
11
11
11
12
12
12
12
12
12
12
12
9
9
9
9
9
9
9
9
13
13
13
13
13
13
13
13
11
11
11
11
11
11
11
11
12
12
12
12
12
12
12
12
8
8
8
8
8
8
8
8
13
13
13
13
13
13
13
13
9
9
9
9
9
9
9
9
8
8
8
8
8
8
8
8
9
9
9
9
9
9
9
9
13
13
13
13
13
13
13
13
10
10
10
10
10
10
10
10
13
13
13
13
13
13
13
13
9
9
9
9
9
9
9
9
11
11
11
11
11
11
11
11
12
12
12
12
12
12
12
12
11
11
11
11
11
11
11
11
13
13
13
13
13
13
13
13
10
10
10
10
10
10
10
10
13
13
13
13
13
13
13
13
15
15
15
15
15
15
15
15
26
26
26
26
26
26
26
26
30
30
30
30
30
30
30
30
28
28
28
28
28
28
28
28
28
28
28
28
28
28
28
28
22
22
22
22
22
22
22
22
13
13
13
13
13
13
13
13
32
32
32
32
32
32
32
32
16
16
16
16
16
16
16
16
30
30
30
30
30
30
30
30
17
17
17
17
17
17
17
17
24
24
24
24
24
24
24
24
24
24
24
24
24
24
24
24
19
19
19
19
19
19
19
19
19
19
19
19
19
19
19
19
17
17
17
17
17
17
17
17
20
20
20
20
20
20
20
20
21
21
21
21
21
21
21
21
15
15
15
15
15
15
15
15
32
32
32
32
32
32
32
32
16
16
16
16
16
16
16
16
19
19
19
19
19
19
19
19
20
20
20
20
20
20
20
20
15
15
15
15
15
15
15
15
23
23
23
23
23
23
23
23
45
45
45
45
45
45
45
45
82
82
82
82
82
82
82
82
133
133
133
133
133
133
133
133
112
112
112
112
112
112
112
112
125
125
125
125
125
125
125
125
35
35
35
35
35
35
35
35
41
41
41
41
41
41
41
41
108
108
108
108
108
108
108
108
38
38
38
38
38
38
38
38
68
68
68
68
68
68
68
68
32
32
32
32
32
32
32
32
45
45
45
45
45
45
45
45
78
78
78
78
78
78
78
78
126
126
126
126
126
126
126
126
61
61
61
61
61
61
61
61
74
74
74
74
74
74
74
74
59
59
59
59
59
59
59
59
80
80
80
80
80
80
80
80
48
48
48
48
48
48
48
48
61
61
61
61
61
61
61
61
45
45
45
45
45
45
45
45
105
105
105
105
105
105
105
105
80
80
80
80
80
80
80
80
154
154
154
154
154
154
154
154
44
44
44
44
44
44
44
44
213
213
213
213
213
213
213
213
194
194
194
194
194
194
194
194
199
199
199
199
199
199
199
199
298
298
298
298
298
298
298
298
219
219
219
219
219
219
219
219
193
193
193
193
193
193
193
193
186
186
186
186
186
186
186
186
137
137
137
137
137
137
137
137
205
205
205
205
205
205
205
205
184
184
184
184
184
184
184
184
219
219
219
219
219
219
219
219
187
187
187
187
187
187
187
187
410
410
410
410
410
410
410
410
168
168
168
168
168
168
168
168
291
291
291
291
291
291
291
291
119
119
119
119
119
119
119
119
184
184
184
184
184
184
184
184
155
155
155
155
155
155
155
155
135
135
135
135
135
135
135
135
171
171
171
171
171
171
171
171
279
279
279
279
279
279
279
279
212
212
212
212
212
212
212
212
356
356
356
356
356
356
356
356
119
119
119
119
119
119
119
119
198
198
198
198
198
198
198
198
